20
249718282 93729
1 5 6 999917908
1000000000 100000
100000 1 0 1000000000
73 26
5 8 4 54214
714311129 39521
9 5 9 999998192
177 73
7 7 5 56401
82 81
58 56 739 82
1000000000 1
12 7 74 12
1000000000 100000
1 1 0 2
220 88
1 8 3 58265
1000000000 100000
999999999 1 999999999 1000000000
1000000000 100000
1 1 1 1000000000
110 53
7 7 1 64417
693840425 90561
2 6 7 999957328
59 26
14 19 681 59
28 21
6 5 1 85919
45068754 29153
2 9 5 999904402
131 74
1 9 10 78736
840698758 13331
8 7 10 999955808
22 21
1 4 869 22
186 75
68 16 539 186
